polygon=[[0;0],[1;1],[0;1.5],[-1;0.5]];
curve=[[0;0],[0.0296929;0.030149],[0.0581738;0.0599856],[0.0854551;0.0895039],[0.111549;0.118697],[0.136468;0.14756],[0.160225;0.176086],[0.182831;0.204268],[0.2043;0.232102],[0.224643;0.259579],[0.243873;0.286695],[0.262003;0.313443],[0.279044;0.339817],[0.295009;0.36581],[0.309911;0.391417],[0.323761;0.416632],[0.336573;0.441447],[0.348358;0.465858],[0.359128;0.489857],[0.368898;0.513439],[0.377677;0.536597],[0.38548;0.559326],[0.392318;0.581619],[0.398204;0.603469],[0.40315;0.624871],[0.407168;0.645819],[0.410271;0.666306],[0.412472;0.686326],[0.413782;0.705873],[0.414214;0.724941],[0.41378;0.743523],[0.412492;0.761614],[0.410364;0.779207],[0.407407;0.796296],[0.403634;0.812875],[0.399057;0.828938],[0.393689;0.844478],[0.387541;0.859489],[0.380627;0.873966],[0.372958;0.887901],[0.364547;0.901289],[0.355407;0.914124],[0.345549;0.926399],[0.334986;0.938108],[0.323731;0.949246],[0.311796;0.959805],[0.299192;0.969779],[0.285934;0.979164],[0.272032;0.987951],[0.257499;0.996136],[0.242348;1.00371],[0.226591;1.01067],[0.21024;1.01701],[0.193308;1.02272],[0.175808;1.0278],[0.15775;1.03224],[0.139149;1.03603],[0.120016;1.03917],[0.100363;1.04165],[0.0802031;1.04346],[0.0595486;1.04461],[0.0384118;1.04507],[0.0168052;1.04486],[-0.00525916;1.04395],[-0.0277688;1.04235],[-0.0507112;1.04005],[-0.0740741;1.03704],[-0.097845;1.03331],[-0.122012;1.02887],[-0.146562;1.02369],[-0.171483;1.01779],[-0.196763;1.01115],[-0.222389;1.00376],[-0.248349;0.995616],[-0.274631;0.986718],[-0.301222;0.977057],[-0.328109;0.966626],[-0.355281;0.955418],[-0.382725;0.943429],[-0.410429;0.930651],[-0.43838;0.917078],[-0.466567;0.902705],[-0.494975;0.887524],[-0.523594;0.871531],[-0.552411;0.854718],[-0.581414;0.83708],[-0.610589;0.81861],[-0.639925;0.799302],[-0.66941;0.77915],[-0.699031;0.758147],[-0.728775;0.736288],[-0.758631;0.713567],[-0.788586;0.689977],[-0.818627;0.665512],[-0.848743;0.640166],[-0.87892;0.613932],[-0.909147;0.586805],[-0.93941;0.558778],[-0.969699;0.529845],[-1;0.5]];