curve = [
0 0.0201005 0.040201 0.0603015 0.080402 0.100503 0.120603 0.140704 0.160804 0.180905 0.201005 0.221106 0.241206 0.261307 0.281407 0.301508 0.321608 0.341709 0.361809 0.38191 0.40201 0.422111 0.442211 0.462312 0.482412 0.502513 0.522613 0.542714 0.562814 0.582915 0.603015 0.623116 0.643216 0.663317 0.683417 0.703518 0.723618 0.743719 0.763819 0.78392 0.80402 0.824121 0.844221 0.864322 0.884422 0.904523 0.924623 0.944724 0.964824 0.984925 1.00503 1.02513 1.04523 1.06533 1.08543 1.10553 1.12563 1.14573 1.16583 1.18593 1.20603 1.22613 1.24623 1.26633 1.28643 1.30653 1.32663 1.34673 1.36683 1.38693 1.40703 1.42714 1.44724 1.46734 1.48744 1.50754 1.52764 1.54774 1.56784 1.58794 1.60804 1.62814 1.64824 1.66834 1.68844 1.70854 1.72864 1.74874 1.76884 1.78894 1.80905 1.82915 1.84925 1.86935 1.88945 1.90955 1.92965 1.94975 1.96985 1.98995 2.01005 2.03015 2.05025 2.07035 2.09045 2.11055 2.13065 2.15075 2.17085 2.19095 2.21106 2.23116 2.25126 2.27136 2.29146 2.31156 2.33166 2.35176 2.37186 2.39196 2.41206 2.43216 2.45226 2.47236 2.49246 2.51256 2.53266 2.55276 2.57286 2.59296 2.61307 2.63317 2.65327 2.67337 2.69347 2.71357 2.73367 2.75377 2.77387 2.79397 2.81407 2.83417 2.85427 2.87437 2.89447 2.91457 2.93467 2.95477 2.97487 2.99497 3.01508 3.03518 3.05528 3.07538 3.09548 3.11558 3.13568 3.15578 3.17588 3.19598 3.21608 3.23618 3.25628 3.27638 3.29648 3.31658 3.33668 3.35678 3.37688 3.39699 3.41709 3.43719 3.45729 3.47739 3.49749 3.51759 3.53769 3.55779 3.57789 3.59799 3.61809 3.63819 3.65829 3.67839 3.69849 3.71859 3.73869 3.75879 3.77889 3.799 3.8191 3.8392 3.8593 3.8794 3.8995 3.9196 3.9397 3.9598 3.9799 4 ;
0 0.0400485 0.0797879 0.119212 0.158316 0.197093 0.235537 0.273644 0.311407 0.348822 0.385882 0.422583 0.45892 0.494887 0.530479 0.565693 0.600522 0.634962 0.66901 0.702659 0.735907 0.768747 0.801178 0.833193 0.86479 0.895963 0.92671 0.957027 0.98691 1.01636 1.04536 1.07392 1.10203 1.12969 1.1569 1.18365 1.20994 1.23577 1.26113 1.28602 1.31045 1.3344 1.35787 1.38087 1.40338 1.42542 1.44697 1.46803 1.48861 1.5087 1.52829 1.54739 1.566 1.58411 1.60173 1.61885 1.63547 1.65158 1.6672 1.68232 1.69693 1.71104 1.72465 1.73775 1.75035 1.76244 1.77403 1.78511 1.79569 1.80576 1.81533 1.82439 1.83295 1.84101 1.84856 1.85561 1.86216 1.86821 1.87376 1.87881 1.88336 1.88742 1.89098 1.89404 1.89662 1.8987 1.9003 1.90141 1.90203 1.90217 1.90182 1.901 1.8997 1.89793 1.89568 1.89297 1.88978 1.88613 1.88203 1.87746 1.87243 1.86695 1.86102 1.85465 1.84783 1.84057 1.83288 1.82475 1.8162 1.80722 1.79781 1.78799 1.77776 1.76712 1.75607 1.74462 1.73278 1.72054 1.70791 1.69491 1.68152 1.66777 1.65364 1.63916 1.62431 1.60911 1.59357 1.57768 1.56146 1.54491 1.52803 1.51083 1.49333 1.47551 1.45739 1.43898 1.42028 1.4013 1.38204 1.36251 1.34272 1.32267 1.30238 1.28184 1.26107 1.24007 1.21885 1.19741 1.17577 1.15393 1.1319 1.10968 1.08729 1.06473 1.04201 1.01914 0.996123 0.972971 0.949692 0.926293 0.902784 0.879172 0.855467 0.831677 0.807811 0.783878 0.759887 0.735847 0.711766 0.687656 0.663525 0.639381 0.615236 0.591098 0.566978 0.542885 0.518829 0.49482 0.470868 0.446984 0.423178 0.39946 0.37584 0.35233 0.328939 0.305679 0.282561 0.259595 0.236792 0.214164 0.191722 0.169477 0.14744 0.125624 0.104039 0.0826971 0.0616106 0.0407908 0.0202501 0 ;
];
polygon = [
0 1 2 3 4 ;
0 2 3 1 0 ;
];
