curve = [
0 0.030598 0.062384 0.095346 0.129472 0.16475 0.201168 0.238714 0.277376 0.317142 0.358 0.399938 0.442944 0.487006 0.532112 0.57825 0.625408 0.673574 0.722736 0.772882 0.824 0.876078 0.929104 0.983066 1.03795 1.09375 1.15045 1.20803 1.2665 1.32582 1.386 1.44702 1.50886 1.57153 1.63499 1.69925 1.76429 1.83009 1.89666 1.96396 2.032 2.10076 2.17022 2.24039 2.31123 2.38275 2.45493 2.52775 2.60122 2.6753 2.75 2.8253 2.90118 2.97765 3.05467 3.13225 3.21037 3.28901 3.36818 3.44784 3.528 3.60864 3.68974 3.77131 3.85331 3.93575 4.01861 4.10187 4.18554 4.26958 4.354 4.43878 4.5239 4.60937 4.69515 4.78125 4.86765 4.95433 5.0413 5.12852 5.216 5.30372 5.39166 5.47983 5.56819 5.65675 5.74549 5.83439 5.92346 6.01266 6.102 6.19146 6.28102 6.37069 6.46043 6.55025 6.64013 6.73005 6.82002 6.91 7;
0 0.060299 0.121192 0.182673 0.244736 0.307375 0.370584 0.434357 0.498688 0.563571 0.629 0.694969 0.761472 0.828503 0.896056 0.964125 1.0327 1.10179 1.17137 1.24144 1.312 1.38304 1.45455 1.52653 1.59898 1.67188 1.74522 1.81902 1.89325 1.96791 2.043 2.11851 2.19443 2.27076 2.3475 2.42462 2.50214 2.58005 2.65833 2.73698 2.816 2.89538 2.97511 3.05519 3.13562 3.21637 3.29746 3.37888 3.46061 3.54265 3.625 3.70765 3.79059 3.87382 3.95734 4.04113 4.12518 4.20951 4.29409 4.37892 4.464 4.54932 4.63487 4.72065 4.80666 4.89287 4.9793 5.06594 5.15277 5.23979 5.327 5.41439 5.50195 5.58968 5.67758 5.76562 5.85382 5.94217 6.03065 6.11926 6.208 6.29686 6.38583 6.47491 6.5641 6.65337 6.74274 6.8322 6.92173 7.01133 7.101 7.19073 7.28051 7.37034 7.46022 7.55012 7.64006 7.73003 7.82001 7.91 8;
0 0.09 0.18 0.27 0.36 0.45 0.54 0.63 0.72 0.81 0.9 0.99 1.08 1.17 1.26 1.35 1.44 1.53 1.62 1.71 1.8 1.89 1.98 2.07 2.16 2.25 2.34 2.43 2.52 2.61 2.7 2.79 2.88 2.97 3.06 3.15 3.24 3.33 3.42 3.51 3.6 3.69 3.78 3.87 3.96 4.05 4.14 4.23 4.32 4.41 4.5 4.59 4.68 4.77 4.86 4.95 5.04 5.13 5.22 5.31 5.4 5.49 5.58 5.67 5.76 5.85 5.94 6.03 6.12 6.21 6.3 6.39 6.48 6.57 6.66 6.75 6.84 6.93 7.02 7.11 7.2 7.29 7.38 7.47 7.56 7.65 7.74 7.83 7.92 8.01 8.1 8.19 8.28 8.37 8.46 8.55 8.64 8.73 8.82 8.91 9;
];

polygon = [
0 1 4 7;
0 2 5 8;
0 3 6 9;
];
