polygon=[[0;0],[0.333333;1],[0.666667;1.1],[1;0.15]];
curve=[[0;0],[0.001001;0.0030003],[0.002002;0.00599518],[0.003003;0.00898466],[0.004004;0.0119687],[0.005005;0.0149474],[0.00600601;0.0179206],[0.00700701;0.0208884],[0.00800801;0.0238508],[0.00900901;0.0268078],[0.01001;0.0297593],[0.011011;0.0327055],[0.012012;0.0356462],[0.013013;0.0385815],[0.014014;0.0415114],[0.015015;0.0444358],[0.016016;0.0473548],[0.017017;0.0502684],[0.018018;0.0531766],[0.019019;0.0560794],[0.02002;0.0589767],[0.021021;0.0618686],[0.022022;0.064755],[0.023023;0.0676361],[0.024024;0.0705117],[0.025025;0.0733818],[0.026026;0.0762466],[0.027027;0.0791059],[0.028028;0.0819597],[0.029029;0.0848082],[0.03003;0.0876512],[0.031031;0.0904887],[0.032032;0.0933208],[0.033033;0.0961475],[0.034034;0.0989687],[0.035035;0.101785],[0.036036;0.104595],[0.037037;0.1074],[0.038038;0.110199],[0.039039;0.112993],[0.04004;0.115782],[0.041041;0.118565],[0.042042;0.121343],[0.043043;0.124115],[0.044044;0.126882],[0.045045;0.129643],[0.046046;0.132399],[0.047047;0.135149],[0.048048;0.137894],[0.049049;0.140634],[0.0500501;0.143368],[0.0510511;0.146096],[0.0520521;0.14882],[0.0530531;0.151537],[0.0540541;0.15425],[0.0550551;0.156956],[0.0560561;0.159658],[0.0570571;0.162353],[0.0580581;0.165044],[0.0590591;0.167729],[0.0600601;0.170408],[0.0610611;0.173082],[0.0620621;0.175751],[0.0630631;0.178414],[0.0640641;0.181071],[0.0650651;0.183724],[0.0660661;0.18637],[0.0670671;0.189011],[0.0680681;0.191647],[0.0690691;0.194277],[0.0700701;0.196902],[0.0710711;0.199521],[0.0720721;0.202135],[0.0730731;0.204744],[0.0740741;0.207346],[0.0750751;0.209944],[0.0760761;0.212536],[0.0770771;0.215122],[0.0780781;0.217703],[0.0790791;0.220279],[0.0800801;0.222849],[0.0810811;0.225413],[0.0820821;0.227972],[0.0830831;0.230526],[0.0840841;0.233074],[0.0850851;0.235616],[0.0860861;0.238153],[0.0870871;0.240685],[0.0880881;0.243211],[0.0890891;0.245732],[0.0900901;0.248247],[0.0910911;0.250756],[0.0920921;0.253261],[0.0930931;0.255759],[0.0940941;0.258252],[0.0950951;0.26074],[0.0960961;0.263222],[0.0970971;0.265699],[0.0980981;0.26817],[0.0990991;0.270636],[0.1001;0.273096],[0.101101;0.27555],[0.102102;0.278],[0.103103;0.280443],[0.104104;0.282881],[0.105105;0.285314],[0.106106;0.287741],[0.107107;0.290163],[0.108108;0.292579],[0.109109;0.29499],[0.11011;0.297395],[0.111111;0.299794],[0.112112;0.302188],[0.113113;0.304577],[0.114114;0.30696],[0.115115;0.309337],[0.116116;0.31171],[0.117117;0.314076],[0.118118;0.316437],[0.119119;0.318793],[0.12012;0.321143],[0.121121;0.323487],[0.122122;0.325826],[0.123123;0.328159],[0.124124;0.330487],[0.125125;0.33281],[0.126126;0.335126],[0.127127;0.337438],[0.128128;0.339743],[0.129129;0.342044],[0.13013;0.344338],[0.131131;0.346628],[0.132132;0.348911],[0.133133;0.35119],[0.134134;0.353462],[0.135135;0.355729],[0.136136;0.357991],[0.137137;0.360247],[0.138138;0.362497],[0.139139;0.364742],[0.14014;0.366982],[0.141141;0.369215],[0.142142;0.371444],[0.143143;0.373667],[0.144144;0.375884],[0.145145;0.378096],[0.146146;0.380302],[0.147147;0.382502],[0.148148;0.384697],[0.149149;0.386887],[0.15015;0.389071],[0.151151;0.391249],[0.152152;0.393422],[0.153153;0.39559],[0.154154;0.397752],[0.155155;0.399908],[0.156156;0.402058],[0.157157;0.404204],[0.158158;0.406343],[0.159159;0.408477],[0.16016;0.410606],[0.161161;0.412729],[0.162162;0.414846],[0.163163;0.416958],[0.164164;0.419064],[0.165165;0.421165],[0.166166;0.42326],[0.167167;0.42535],[0.168168;0.427434],[0.169169;0.429512],[0.17017;0.431585],[0.171171;0.433652],[0.172172;0.435714],[0.173173;0.43777],[0.174174;0.439821],[0.175175;0.441866],[0.176176;0.443906],[0.177177;0.445939],[0.178178;0.447968],[0.179179;0.449991],[0.18018;0.452008],[0.181181;0.45402],[0.182182;0.456026],[0.183183;0.458026],[0.184184;0.460021],[0.185185;0.46201],[0.186186;0.463994],[0.187187;0.465972],[0.188188;0.467945],[0.189189;0.469912],[0.19019;0.471873],[0.191191;0.473829],[0.192192;0.47578],[0.193193;0.477724],[0.194194;0.479663],[0.195195;0.481597],[0.196196;0.483525],[0.197197;0.485447],[0.198198;0.487364],[0.199199;0.489275],[0.2002;0.491181],[0.201201;0.493081],[0.202202;0.494975],[0.203203;0.496864],[0.204204;0.498747],[0.205205;0.500625],[0.206206;0.502497],[0.207207;0.504363],[0.208208;0.506224],[0.209209;0.508079],[0.21021;0.509929],[0.211211;0.511773],[0.212212;0.513611],[0.213213;0.515444],[0.214214;0.517271],[0.215215;0.519093],[0.216216;0.520909],[0.217217;0.522719],[0.218218;0.524524],[0.219219;0.526323],[0.22022;0.528117],[0.221221;0.529905],[0.222222;0.531687],[0.223223;0.533464],[0.224224;0.535235],[0.225225;0.537001],[0.226226;0.538761],[0.227227;0.540515],[0.228228;0.542264],[0.229229;0.544007],[0.23023;0.545744],[0.231231;0.547476],[0.232232;0.549202],[0.233233;0.550923],[0.234234;0.552638],[0.235235;0.554347],[0.236236;0.556051],[0.237237;0.557749],[0.238238;0.559441],[0.239239;0.561128],[0.24024;0.562809],[0.241241;0.564485],[0.242242;0.566155],[0.243243;0.567819],[0.244244;0.569478],[0.245245;0.571131],[0.246246;0.572779],[0.247247;0.57442],[0.248248;0.576057],[0.249249;0.577687],[0.25025;0.579312],[0.251251;0.580931],[0.252252;0.582545],[0.253253;0.584153],[0.254254;0.585755],[0.255255;0.587352],[0.256256;0.588943],[0.257257;0.590528],[0.258258;0.592108],[0.259259;0.593682],[0.26026;0.595251],[0.261261;0.596814],[0.262262;0.598371],[0.263263;0.599923],[0.264264;0.601469],[0.265265;0.603009],[0.266266;0.604543],[0.267267;0.606072],[0.268268;0.607596],[0.269269;0.609113],[0.27027;0.610625],[0.271271;0.612132],[0.272272;0.613632],[0.273273;0.615127],[0.274274;0.616617],[0.275275;0.6181],[0.276276;0.619578],[0.277277;0.621051],[0.278278;0.622518],[0.279279;0.623979],[0.28028;0.625434],[0.281281;0.626884],[0.282282;0.628328],[0.283283;0.629766],[0.284284;0.631199],[0.285285;0.632626],[0.286286;0.634048],[0.287287;0.635464],[0.288288;0.636874],[0.289289;0.638278],[0.29029;0.639677],[0.291291;0.64107],[0.292292;0.642457],[0.293293;0.643839],[0.294294;0.645215],[0.295295;0.646585],[0.296296;0.64795],[0.297297;0.649309],[0.298298;0.650662],[0.299299;0.65201],[0.3003;0.653352],[0.301301;0.654688],[0.302302;0.656019],[0.303303;0.657344],[0.304304;0.658663],[0.305305;0.659977],[0.306306;0.661285],[0.307307;0.662587],[0.308308;0.663883],[0.309309;0.665174],[0.31031;0.666459],[0.311311;0.667739],[0.312312;0.669012],[0.313313;0.67028],[0.314314;0.671543],[0.315315;0.672799],[0.316316;0.67405],[0.317317;0.675296],[0.318318;0.676535],[0.319319;0.677769],[0.32032;0.678997],[0.321321;0.68022],[0.322322;0.681436],[0.323323;0.682647],[0.324324;0.683853],[0.325325;0.685053],[0.326326;0.686247],[0.327327;0.687435],[0.328328;0.688617],[0.329329;0.689794],[0.33033;0.690965],[0.331331;0.692131],[0.332332;0.69329],[0.333333;0.694444],[0.334334;0.695593],[0.335335;0.696735],[0.336336;0.697872],[0.337337;0.699003],[0.338338;0.700129],[0.339339;0.701248],[0.34034;0.702362],[0.341341;0.703471],[0.342342;0.704573],[0.343343;0.70567],[0.344344;0.706761],[0.345345;0.707847],[0.346346;0.708926],[0.347347;0.71],[0.348348;0.711069],[0.349349;0.712131],[0.35035;0.713188],[0.351351;0.714239],[0.352352;0.715284],[0.353353;0.716324],[0.354354;0.717358],[0.355355;0.718386],[0.356356;0.719408],[0.357357;0.720425],[0.358358;0.721436],[0.359359;0.722441],[0.36036;0.723441],[0.361361;0.724434],[0.362362;0.725422],[0.363363;0.726405],[0.364364;0.727381],[0.365365;0.728352],[0.366366;0.729317],[0.367367;0.730276],[0.368368;0.73123],[0.369369;0.732178],[0.37037;0.73312],[0.371371;0.734056],[0.372372;0.734987],[0.373373;0.735912],[0.374374;0.736831],[0.375375;0.737744],[0.376376;0.738652],[0.377377;0.739554],[0.378378;0.74045],[0.379379;0.74134],[0.38038;0.742225],[0.381381;0.743104],[0.382382;0.743977],[0.383383;0.744844],[0.384384;0.745705],[0.385385;0.746561],[0.386386;0.747411],[0.387387;0.748256],[0.388388;0.749094],[0.389389;0.749927],[0.39039;0.750754],[0.391391;0.751575],[0.392392;0.752391],[0.393393;0.753201],[0.394394;0.754004],[0.395395;0.754803],[0.396396;